name,code,pop,pop_1,pop_2,pop_3,pop_4,pop_5,pop_6,pop_7,pop_8,pop_9,pop_10,pop_11,pop_12,pop_13,pop_14,pop_15,pop_16
Brunei,BRN,0.27,0.23,0.29,0.29,0.33,0.29,0.25,0.21,0.21,0.22,0.30,0.27,0.28,0.32,0.36,0.30,0.34
Cambodia,KHM,0.36,0.17,0.20,0.19,0.20,0.22,0.24,0.23,0.23,0.26,0.22,0.20,0.26,0.24,0.26,0.26,0.26
Indonesia,IDN,0.20,0.21,0.23,0.23,0.24,0.26,0.25,0.27,0.25,0.25,0.26,0.26,0.25,0.24,0.24,0.24,0.24
Laos,LAO,0.74,0.74,0.58,0.78,0.74,0.80,0.84,0.70,0.65,0.62,0.61,0.69,0.64,0.67,0.61,0.50,0.61
Malaysia,MYS,0.25,0.25,0.26,0.26,0.26,0.25,0.26,0.26,0.26,0.27,0.27,0.27,0.27,0.27,0.27,0.27,0.27
Myanmar,MMR,0.64,0.50,0.52,0.59,0.55,0.54,0.52,0.52,0.55,0.49,0.44,0.42,0.40,0.34,0.35,0.36,0.34
Philippines,PHL,0.18,0.18,0.18,0.19,0.20,0.20,0.21,0.25,0.21,0.21,0.19,0.20,0.20,0.22,0.22,0.22,0.22
Thailand,THA,0.19,0.19,0.20,0.20,0.20,0.20,0.21,0.20,0.21,0.21,0.22,0.23,0.23,0.23,0.23,0.24,0.23
Vietnam,VNM,0.20,0.20,0.23,0.24,0.21,0.21,0.18,0.17,0.17,0.17,0.15,0.14,0.13,0.12,0.12,0.12,0.11
